scenario,problem_type,repeat,Model,Temperature,Max Tokens,Context Tags,Num Context,Prompt,Raw Output,Parse Error,Chosen Option,Standard Mapping,Rationale,Key Signals Used
1_founder_period,generic,1,Qwen/Qwen2.5-14B-Instruct,0.0,200,"[Market] Global new car sales: ~60 million units/year.; [Market] EV share: <0.02% of global new car sales.; [Technology] Li-ion cell cost: ~1,000 USD/kWh.; [Finance] Initial funding: ~USD 7.5M Series A (private).",4,"You are a senior technology strategy analyst. Given the fixed problem and a subset of context blocks (which may be empty), select the single most appropriate execution option and justify it clearly.

Problem (ALWAYS INCLUDED):
Problem: A new company must select an initial market entry strategy to prove its concept and secure future funding, despite lacking a proven supply chain, manufacturing assets, and brand recognition. The core challenge is to create a compelling and differentiated narrative while managing a high capital risk.

Additional context (subset may be empty):
- [Market] Global new car sales: ~60 million units/year. Global new car sales were roughly ~60 million units per year.
- [Market] EV share: <0.02% of global new car sales. Battery electric vehicles accounted for less than ~0.02% of global new car sales.
- [Technology] Li-ion cell cost: ~1,000 USD/kWh. Lithium-ion cell costs were around ~1,000 USD per kWh.
- [Finance] Initial funding: ~USD 7.5M Series A (private). Initial external funding amounted to approximately USD 7.5 million in a Series A round, indicating limited capital.

Candidate execution options (choose EXACTLY ONE):
  A) Build a portfolio of hybrid/fuel cell vehicles
  B) Develop a high-performance EV sports car
  C) Co-develop an EV platform with a major automaker

Standard strategy mappings:
  A → Fast Follower
  B → Technology Leadership
  C → Open Innovation

Return STRICT JSON with keys exactly: {""chosen_option"": ""A|B|C|D"", ""standard_mapping"": ""..."", ""rationale"": ""<3-4 concise sentences>"", ""key_signals_used"": [""<copy of tags you relied on, MUST be from the provided context blocks>""]}
If no context was used, return an empty array `[]` for `key_signals_used`.Do not include any extra keys or prose outside JSON.","{""chosen_option"": ""B"", ""standard_mapping"": ""Technology Leadership"", ""rationale"": ""Developing a high-performance EV sports car allows the company to leverage cutting-edge technology, creating a differentiated product that can attract early adopters and investors despite limited resources."", ""key_signals_used"": [""[Market] EV share"", ""[Technology] Li-ion cell cost""]}",,B,Technology Leadership,"""Developing a high-performance EV sports car allows the company to leverage cutting-edge technology, creating a differentiated product that can attract early adopters and investors despite limited resources.""",[Market] EV share; [Technology] Li-ion cell cost
1_founder_period,generic,2,Qwen/Qwen2.5-14B-Instruct,0.0,200,"[Market] Global new car sales: ~60 million units/year.; [Market] EV share: <0.02% of global new car sales.; [Technology] Li-ion cell cost: ~1,000 USD/kWh.; [Finance] Initial funding: ~USD 7.5M Series A (private).",4,"You are a senior technology strategy analyst. Given the fixed problem and a subset of context blocks (which may be empty), select the single most appropriate execution option and justify it clearly.

Problem (ALWAYS INCLUDED):
Problem: A new company must select an initial market entry strategy to prove its concept and secure future funding, despite lacking a proven supply chain, manufacturing assets, and brand recognition. The core challenge is to create a compelling and differentiated narrative while managing a high capital risk.

Additional context (subset may be empty):
- [Market] Global new car sales: ~60 million units/year. Global new car sales were roughly ~60 million units per year.
- [Market] EV share: <0.02% of global new car sales. Battery electric vehicles accounted for less than ~0.02% of global new car sales.
- [Technology] Li-ion cell cost: ~1,000 USD/kWh. Lithium-ion cell costs were around ~1,000 USD per kWh.
- [Finance] Initial funding: ~USD 7.5M Series A (private). Initial external funding amounted to approximately USD 7.5 million in a Series A round, indicating limited capital.

Candidate execution options (choose EXACTLY ONE):
  A) Build a portfolio of hybrid/fuel cell vehicles
  B) Develop a high-performance EV sports car
  C) Co-develop an EV platform with a major automaker

Standard strategy mappings:
  A → Fast Follower
  B → Technology Leadership
  C → Open Innovation

Return STRICT JSON with keys exactly: {""chosen_option"": ""A|B|C|D"", ""standard_mapping"": ""..."", ""rationale"": ""<3-4 concise sentences>"", ""key_signals_used"": [""<copy of tags you relied on, MUST be from the provided context blocks>""]}
If no context was used, return an empty array `[]` for `key_signals_used`.Do not include any extra keys or prose outside JSON.","{""chosen_option"": ""B"", ""standard_mapping"": ""Technology Leadership"", ""rationale"": ""Developing a high-performance EV sports car allows the company to leverage cutting-edge technology, creating a differentiated product that can attract early adopters and investors despite limited resources."", ""key_signals_used"": [""[Market] EV share"", ""[Technology] Li-ion cell cost""]}",,B,Technology Leadership,"""Developing a high-performance EV sports car allows the company to leverage cutting-edge technology, creating a differentiated product that can attract early adopters and investors despite limited resources.""",[Market] EV share; [Technology] Li-ion cell cost
1_founder_period,generic,3,Qwen/Qwen2.5-14B-Instruct,0.0,200,"[Market] Global new car sales: ~60 million units/year.; [Market] EV share: <0.02% of global new car sales.; [Technology] Li-ion cell cost: ~1,000 USD/kWh.; [Finance] Initial funding: ~USD 7.5M Series A (private).",4,"You are a senior technology strategy analyst. Given the fixed problem and a subset of context blocks (which may be empty), select the single most appropriate execution option and justify it clearly.

Problem (ALWAYS INCLUDED):
Problem: A new company must select an initial market entry strategy to prove its concept and secure future funding, despite lacking a proven supply chain, manufacturing assets, and brand recognition. The core challenge is to create a compelling and differentiated narrative while managing a high capital risk.

Additional context (subset may be empty):
- [Market] Global new car sales: ~60 million units/year. Global new car sales were roughly ~60 million units per year.
- [Market] EV share: <0.02% of global new car sales. Battery electric vehicles accounted for less than ~0.02% of global new car sales.
- [Technology] Li-ion cell cost: ~1,000 USD/kWh. Lithium-ion cell costs were around ~1,000 USD per kWh.
- [Finance] Initial funding: ~USD 7.5M Series A (private). Initial external funding amounted to approximately USD 7.5 million in a Series A round, indicating limited capital.

Candidate execution options (choose EXACTLY ONE):
  A) Build a portfolio of hybrid/fuel cell vehicles
  B) Develop a high-performance EV sports car
  C) Co-develop an EV platform with a major automaker

Standard strategy mappings:
  A → Fast Follower
  B → Technology Leadership
  C → Open Innovation

Return STRICT JSON with keys exactly: {""chosen_option"": ""A|B|C|D"", ""standard_mapping"": ""..."", ""rationale"": ""<3-4 concise sentences>"", ""key_signals_used"": [""<copy of tags you relied on, MUST be from the provided context blocks>""]}
If no context was used, return an empty array `[]` for `key_signals_used`.Do not include any extra keys or prose outside JSON.","{""chosen_option"": ""B"", ""standard_mapping"": ""Technology Leadership"", ""rationale"": ""Developing a high-performance EV sports car allows the company to leverage cutting-edge technology, creating a differentiated product that can attract early adopters and investors despite limited resources."", ""key_signals_used"": [""[Market] EV share"", ""[Technology] Li-ion cell cost""]}",,B,Technology Leadership,"""Developing a high-performance EV sports car allows the company to leverage cutting-edge technology, creating a differentiated product that can attract early adopters and investors despite limited resources.""",[Market] EV share; [Technology] Li-ion cell cost
1_founder_period,generic,4,Qwen/Qwen2.5-14B-Instruct,0.0,200,"[Market] Global new car sales: ~60 million units/year.; [Market] EV share: <0.02% of global new car sales.; [Technology] Li-ion cell cost: ~1,000 USD/kWh.; [Finance] Initial funding: ~USD 7.5M Series A (private).",4,"You are a senior technology strategy analyst. Given the fixed problem and a subset of context blocks (which may be empty), select the single most appropriate execution option and justify it clearly.

Problem (ALWAYS INCLUDED):
Problem: A new company must select an initial market entry strategy to prove its concept and secure future funding, despite lacking a proven supply chain, manufacturing assets, and brand recognition. The core challenge is to create a compelling and differentiated narrative while managing a high capital risk.

Additional context (subset may be empty):
- [Market] Global new car sales: ~60 million units/year. Global new car sales were roughly ~60 million units per year.
- [Market] EV share: <0.02% of global new car sales. Battery electric vehicles accounted for less than ~0.02% of global new car sales.
- [Technology] Li-ion cell cost: ~1,000 USD/kWh. Lithium-ion cell costs were around ~1,000 USD per kWh.
- [Finance] Initial funding: ~USD 7.5M Series A (private). Initial external funding amounted to approximately USD 7.5 million in a Series A round, indicating limited capital.

Candidate execution options (choose EXACTLY ONE):
  A) Build a portfolio of hybrid/fuel cell vehicles
  B) Develop a high-performance EV sports car
  C) Co-develop an EV platform with a major automaker

Standard strategy mappings:
  A → Fast Follower
  B → Technology Leadership
  C → Open Innovation

Return STRICT JSON with keys exactly: {""chosen_option"": ""A|B|C|D"", ""standard_mapping"": ""..."", ""rationale"": ""<3-4 concise sentences>"", ""key_signals_used"": [""<copy of tags you relied on, MUST be from the provided context blocks>""]}
If no context was used, return an empty array `[]` for `key_signals_used`.Do not include any extra keys or prose outside JSON.","{""chosen_option"": ""B"", ""standard_mapping"": ""Technology Leadership"", ""rationale"": ""Developing a high-performance EV sports car allows the company to leverage cutting-edge technology, creating a differentiated product that can attract early adopters and investors despite limited resources."", ""key_signals_used"": [""[Market] EV share"", ""[Technology] Li-ion cell cost""]}",,B,Technology Leadership,"""Developing a high-performance EV sports car allows the company to leverage cutting-edge technology, creating a differentiated product that can attract early adopters and investors despite limited resources.""",[Market] EV share; [Technology] Li-ion cell cost
1_founder_period,generic,5,Qwen/Qwen2.5-14B-Instruct,0.0,200,"[Market] Global new car sales: ~60 million units/year.; [Market] EV share: <0.02% of global new car sales.; [Technology] Li-ion cell cost: ~1,000 USD/kWh.; [Finance] Initial funding: ~USD 7.5M Series A (private).",4,"You are a senior technology strategy analyst. Given the fixed problem and a subset of context blocks (which may be empty), select the single most appropriate execution option and justify it clearly.

Problem (ALWAYS INCLUDED):
Problem: A new company must select an initial market entry strategy to prove its concept and secure future funding, despite lacking a proven supply chain, manufacturing assets, and brand recognition. The core challenge is to create a compelling and differentiated narrative while managing a high capital risk.

Additional context (subset may be empty):
- [Market] Global new car sales: ~60 million units/year. Global new car sales were roughly ~60 million units per year.
- [Market] EV share: <0.02% of global new car sales. Battery electric vehicles accounted for less than ~0.02% of global new car sales.
- [Technology] Li-ion cell cost: ~1,000 USD/kWh. Lithium-ion cell costs were around ~1,000 USD per kWh.
- [Finance] Initial funding: ~USD 7.5M Series A (private). Initial external funding amounted to approximately USD 7.5 million in a Series A round, indicating limited capital.

Candidate execution options (choose EXACTLY ONE):
  A) Build a portfolio of hybrid/fuel cell vehicles
  B) Develop a high-performance EV sports car
  C) Co-develop an EV platform with a major automaker

Standard strategy mappings:
  A → Fast Follower
  B → Technology Leadership
  C → Open Innovation

Return STRICT JSON with keys exactly: {""chosen_option"": ""A|B|C|D"", ""standard_mapping"": ""..."", ""rationale"": ""<3-4 concise sentences>"", ""key_signals_used"": [""<copy of tags you relied on, MUST be from the provided context blocks>""]}
If no context was used, return an empty array `[]` for `key_signals_used`.Do not include any extra keys or prose outside JSON.","{""chosen_option"": ""B"", ""standard_mapping"": ""Technology Leadership"", ""rationale"": ""Developing a high-performance EV sports car allows the company to leverage cutting-edge technology, creating a differentiated product that can attract early adopters and investors despite limited resources."", ""key_signals_used"": [""[Market] EV share"", ""[Technology] Li-ion cell cost""]}",,B,Technology Leadership,"""Developing a high-performance EV sports car allows the company to leverage cutting-edge technology, creating a differentiated product that can attract early adopters and investors despite limited resources.""",[Market] EV share; [Technology] Li-ion cell cost
1_founder_period,generic,6,Qwen/Qwen2.5-14B-Instruct,0.0,200,"[Market] Global new car sales: ~60 million units/year.; [Market] EV share: <0.02% of global new car sales.; [Technology] Li-ion cell cost: ~1,000 USD/kWh.; [Finance] Initial funding: ~USD 7.5M Series A (private).",4,"You are a senior technology strategy analyst. Given the fixed problem and a subset of context blocks (which may be empty), select the single most appropriate execution option and justify it clearly.

Problem (ALWAYS INCLUDED):
Problem: A new company must select an initial market entry strategy to prove its concept and secure future funding, despite lacking a proven supply chain, manufacturing assets, and brand recognition. The core challenge is to create a compelling and differentiated narrative while managing a high capital risk.

Additional context (subset may be empty):
- [Market] Global new car sales: ~60 million units/year. Global new car sales were roughly ~60 million units per year.
- [Market] EV share: <0.02% of global new car sales. Battery electric vehicles accounted for less than ~0.02% of global new car sales.
- [Technology] Li-ion cell cost: ~1,000 USD/kWh. Lithium-ion cell costs were around ~1,000 USD per kWh.
- [Finance] Initial funding: ~USD 7.5M Series A (private). Initial external funding amounted to approximately USD 7.5 million in a Series A round, indicating limited capital.

Candidate execution options (choose EXACTLY ONE):
  A) Build a portfolio of hybrid/fuel cell vehicles
  B) Develop a high-performance EV sports car
  C) Co-develop an EV platform with a major automaker

Standard strategy mappings:
  A → Fast Follower
  B → Technology Leadership
  C → Open Innovation

Return STRICT JSON with keys exactly: {""chosen_option"": ""A|B|C|D"", ""standard_mapping"": ""..."", ""rationale"": ""<3-4 concise sentences>"", ""key_signals_used"": [""<copy of tags you relied on, MUST be from the provided context blocks>""]}
If no context was used, return an empty array `[]` for `key_signals_used`.Do not include any extra keys or prose outside JSON.","{""chosen_option"": ""B"", ""standard_mapping"": ""Technology Leadership"", ""rationale"": ""Developing a high-performance EV sports car allows the company to leverage cutting-edge technology, creating a differentiated product that can attract early adopters and investors despite limited resources."", ""key_signals_used"": [""[Market] EV share"", ""[Technology] Li-ion cell cost""]}",,B,Technology Leadership,"""Developing a high-performance EV sports car allows the company to leverage cutting-edge technology, creating a differentiated product that can attract early adopters and investors despite limited resources.""",[Market] EV share; [Technology] Li-ion cell cost
1_founder_period,generic,7,Qwen/Qwen2.5-14B-Instruct,0.0,200,"[Market] Global new car sales: ~60 million units/year.; [Market] EV share: <0.02% of global new car sales.; [Technology] Li-ion cell cost: ~1,000 USD/kWh.; [Finance] Initial funding: ~USD 7.5M Series A (private).",4,"You are a senior technology strategy analyst. Given the fixed problem and a subset of context blocks (which may be empty), select the single most appropriate execution option and justify it clearly.

Problem (ALWAYS INCLUDED):
Problem: A new company must select an initial market entry strategy to prove its concept and secure future funding, despite lacking a proven supply chain, manufacturing assets, and brand recognition. The core challenge is to create a compelling and differentiated narrative while managing a high capital risk.

Additional context (subset may be empty):
- [Market] Global new car sales: ~60 million units/year. Global new car sales were roughly ~60 million units per year.
- [Market] EV share: <0.02% of global new car sales. Battery electric vehicles accounted for less than ~0.02% of global new car sales.
- [Technology] Li-ion cell cost: ~1,000 USD/kWh. Lithium-ion cell costs were around ~1,000 USD per kWh.
- [Finance] Initial funding: ~USD 7.5M Series A (private). Initial external funding amounted to approximately USD 7.5 million in a Series A round, indicating limited capital.

Candidate execution options (choose EXACTLY ONE):
  A) Build a portfolio of hybrid/fuel cell vehicles
  B) Develop a high-performance EV sports car
  C) Co-develop an EV platform with a major automaker

Standard strategy mappings:
  A → Fast Follower
  B → Technology Leadership
  C → Open Innovation

Return STRICT JSON with keys exactly: {""chosen_option"": ""A|B|C|D"", ""standard_mapping"": ""..."", ""rationale"": ""<3-4 concise sentences>"", ""key_signals_used"": [""<copy of tags you relied on, MUST be from the provided context blocks>""]}
If no context was used, return an empty array `[]` for `key_signals_used`.Do not include any extra keys or prose outside JSON.","{""chosen_option"": ""B"", ""standard_mapping"": ""Technology Leadership"", ""rationale"": ""Developing a high-performance EV sports car allows the company to leverage cutting-edge technology, creating a differentiated product that can attract early adopters and investors despite limited resources."", ""key_signals_used"": [""[Market] EV share"", ""[Technology] Li-ion cell cost""]}",,B,Technology Leadership,"""Developing a high-performance EV sports car allows the company to leverage cutting-edge technology, creating a differentiated product that can attract early adopters and investors despite limited resources.""",[Market] EV share; [Technology] Li-ion cell cost
1_founder_period,generic,8,Qwen/Qwen2.5-14B-Instruct,0.0,200,"[Market] Global new car sales: ~60 million units/year.; [Market] EV share: <0.02% of global new car sales.; [Technology] Li-ion cell cost: ~1,000 USD/kWh.; [Finance] Initial funding: ~USD 7.5M Series A (private).",4,"You are a senior technology strategy analyst. Given the fixed problem and a subset of context blocks (which may be empty), select the single most appropriate execution option and justify it clearly.

Problem (ALWAYS INCLUDED):
Problem: A new company must select an initial market entry strategy to prove its concept and secure future funding, despite lacking a proven supply chain, manufacturing assets, and brand recognition. The core challenge is to create a compelling and differentiated narrative while managing a high capital risk.

Additional context (subset may be empty):
- [Market] Global new car sales: ~60 million units/year. Global new car sales were roughly ~60 million units per year.
- [Market] EV share: <0.02% of global new car sales. Battery electric vehicles accounted for less than ~0.02% of global new car sales.
- [Technology] Li-ion cell cost: ~1,000 USD/kWh. Lithium-ion cell costs were around ~1,000 USD per kWh.
- [Finance] Initial funding: ~USD 7.5M Series A (private). Initial external funding amounted to approximately USD 7.5 million in a Series A round, indicating limited capital.

Candidate execution options (choose EXACTLY ONE):
  A) Build a portfolio of hybrid/fuel cell vehicles
  B) Develop a high-performance EV sports car
  C) Co-develop an EV platform with a major automaker

Standard strategy mappings:
  A → Fast Follower
  B → Technology Leadership
  C → Open Innovation

Return STRICT JSON with keys exactly: {""chosen_option"": ""A|B|C|D"", ""standard_mapping"": ""..."", ""rationale"": ""<3-4 concise sentences>"", ""key_signals_used"": [""<copy of tags you relied on, MUST be from the provided context blocks>""]}
If no context was used, return an empty array `[]` for `key_signals_used`.Do not include any extra keys or prose outside JSON.","{""chosen_option"": ""B"", ""standard_mapping"": ""Technology Leadership"", ""rationale"": ""Developing a high-performance EV sports car allows the company to leverage cutting-edge technology, creating a differentiated product that can attract early adopters and investors despite limited resources."", ""key_signals_used"": [""[Market] EV share"", ""[Technology] Li-ion cell cost""]}",,B,Technology Leadership,"""Developing a high-performance EV sports car allows the company to leverage cutting-edge technology, creating a differentiated product that can attract early adopters and investors despite limited resources.""",[Market] EV share; [Technology] Li-ion cell cost
1_founder_period,generic,9,Qwen/Qwen2.5-14B-Instruct,0.0,200,"[Market] Global new car sales: ~60 million units/year.; [Market] EV share: <0.02% of global new car sales.; [Technology] Li-ion cell cost: ~1,000 USD/kWh.; [Finance] Initial funding: ~USD 7.5M Series A (private).",4,"You are a senior technology strategy analyst. Given the fixed problem and a subset of context blocks (which may be empty), select the single most appropriate execution option and justify it clearly.

Problem (ALWAYS INCLUDED):
Problem: A new company must select an initial market entry strategy to prove its concept and secure future funding, despite lacking a proven supply chain, manufacturing assets, and brand recognition. The core challenge is to create a compelling and differentiated narrative while managing a high capital risk.

Additional context (subset may be empty):
- [Market] Global new car sales: ~60 million units/year. Global new car sales were roughly ~60 million units per year.
- [Market] EV share: <0.02% of global new car sales. Battery electric vehicles accounted for less than ~0.02% of global new car sales.
- [Technology] Li-ion cell cost: ~1,000 USD/kWh. Lithium-ion cell costs were around ~1,000 USD per kWh.
- [Finance] Initial funding: ~USD 7.5M Series A (private). Initial external funding amounted to approximately USD 7.5 million in a Series A round, indicating limited capital.

Candidate execution options (choose EXACTLY ONE):
  A) Build a portfolio of hybrid/fuel cell vehicles
  B) Develop a high-performance EV sports car
  C) Co-develop an EV platform with a major automaker

Standard strategy mappings:
  A → Fast Follower
  B → Technology Leadership
  C → Open Innovation

Return STRICT JSON with keys exactly: {""chosen_option"": ""A|B|C|D"", ""standard_mapping"": ""..."", ""rationale"": ""<3-4 concise sentences>"", ""key_signals_used"": [""<copy of tags you relied on, MUST be from the provided context blocks>""]}
If no context was used, return an empty array `[]` for `key_signals_used`.Do not include any extra keys or prose outside JSON.","{""chosen_option"": ""B"", ""standard_mapping"": ""Technology Leadership"", ""rationale"": ""Developing a high-performance EV sports car allows the company to leverage cutting-edge technology, creating a differentiated product that can attract early adopters and investors despite limited resources."", ""key_signals_used"": [""[Market] EV share"", ""[Technology] Li-ion cell cost""]}",,B,Technology Leadership,"""Developing a high-performance EV sports car allows the company to leverage cutting-edge technology, creating a differentiated product that can attract early adopters and investors despite limited resources.""",[Market] EV share; [Technology] Li-ion cell cost
1_founder_period,generic,10,Qwen/Qwen2.5-14B-Instruct,0.0,200,"[Market] Global new car sales: ~60 million units/year.; [Market] EV share: <0.02% of global new car sales.; [Technology] Li-ion cell cost: ~1,000 USD/kWh.; [Finance] Initial funding: ~USD 7.5M Series A (private).",4,"You are a senior technology strategy analyst. Given the fixed problem and a subset of context blocks (which may be empty), select the single most appropriate execution option and justify it clearly.

Problem (ALWAYS INCLUDED):
Problem: A new company must select an initial market entry strategy to prove its concept and secure future funding, despite lacking a proven supply chain, manufacturing assets, and brand recognition. The core challenge is to create a compelling and differentiated narrative while managing a high capital risk.

Additional context (subset may be empty):
- [Market] Global new car sales: ~60 million units/year. Global new car sales were roughly ~60 million units per year.
- [Market] EV share: <0.02% of global new car sales. Battery electric vehicles accounted for less than ~0.02% of global new car sales.
- [Technology] Li-ion cell cost: ~1,000 USD/kWh. Lithium-ion cell costs were around ~1,000 USD per kWh.
- [Finance] Initial funding: ~USD 7.5M Series A (private). Initial external funding amounted to approximately USD 7.5 million in a Series A round, indicating limited capital.

Candidate execution options (choose EXACTLY ONE):
  A) Build a portfolio of hybrid/fuel cell vehicles
  B) Develop a high-performance EV sports car
  C) Co-develop an EV platform with a major automaker

Standard strategy mappings:
  A → Fast Follower
  B → Technology Leadership
  C → Open Innovation

Return STRICT JSON with keys exactly: {""chosen_option"": ""A|B|C|D"", ""standard_mapping"": ""..."", ""rationale"": ""<3-4 concise sentences>"", ""key_signals_used"": [""<copy of tags you relied on, MUST be from the provided context blocks>""]}
If no context was used, return an empty array `[]` for `key_signals_used`.Do not include any extra keys or prose outside JSON.","{""chosen_option"": ""B"", ""standard_mapping"": ""Technology Leadership"", ""rationale"": ""Developing a high-performance EV sports car allows the company to leverage cutting-edge technology, creating a differentiated product that can attract early adopters and investors despite limited resources."", ""key_signals_used"": [""[Market] EV share"", ""[Technology] Li-ion cell cost""]}",,B,Technology Leadership,"""Developing a high-performance EV sports car allows the company to leverage cutting-edge technology, creating a differentiated product that can attract early adopters and investors despite limited resources.""",[Market] EV share; [Technology] Li-ion cell cost
1_founder_period,generic,11,Qwen/Qwen2.5-14B-Instruct,0.0,200,"[Market] Global new car sales: ~60 million units/year.; [Market] EV share: <0.02% of global new car sales.; [Technology] Li-ion cell cost: ~1,000 USD/kWh.; [Finance] Initial funding: ~USD 7.5M Series A (private).",4,"You are a senior technology strategy analyst. Given the fixed problem and a subset of context blocks (which may be empty), select the single most appropriate execution option and justify it clearly.

Problem (ALWAYS INCLUDED):
Problem: A new company must select an initial market entry strategy to prove its concept and secure future funding, despite lacking a proven supply chain, manufacturing assets, and brand recognition. The core challenge is to create a compelling and differentiated narrative while managing a high capital risk.

Additional context (subset may be empty):
- [Market] Global new car sales: ~60 million units/year. Global new car sales were roughly ~60 million units per year.
- [Market] EV share: <0.02% of global new car sales. Battery electric vehicles accounted for less than ~0.02% of global new car sales.
- [Technology] Li-ion cell cost: ~1,000 USD/kWh. Lithium-ion cell costs were around ~1,000 USD per kWh.
- [Finance] Initial funding: ~USD 7.5M Series A (private). Initial external funding amounted to approximately USD 7.5 million in a Series A round, indicating limited capital.

Candidate execution options (choose EXACTLY ONE):
  A) Build a portfolio of hybrid/fuel cell vehicles
  B) Develop a high-performance EV sports car
  C) Co-develop an EV platform with a major automaker

Standard strategy mappings:
  A → Fast Follower
  B → Technology Leadership
  C → Open Innovation

Return STRICT JSON with keys exactly: {""chosen_option"": ""A|B|C|D"", ""standard_mapping"": ""..."", ""rationale"": ""<3-4 concise sentences>"", ""key_signals_used"": [""<copy of tags you relied on, MUST be from the provided context blocks>""]}
If no context was used, return an empty array `[]` for `key_signals_used`.Do not include any extra keys or prose outside JSON.","{""chosen_option"": ""B"", ""standard_mapping"": ""Technology Leadership"", ""rationale"": ""Developing a high-performance EV sports car allows the company to leverage cutting-edge technology, creating a differentiated product that can attract early adopters and investors despite limited resources."", ""key_signals_used"": [""[Market] EV share"", ""[Technology] Li-ion cell cost""]}",,B,Technology Leadership,"""Developing a high-performance EV sports car allows the company to leverage cutting-edge technology, creating a differentiated product that can attract early adopters and investors despite limited resources.""",[Market] EV share; [Technology] Li-ion cell cost
1_founder_period,generic,12,Qwen/Qwen2.5-14B-Instruct,0.0,200,"[Market] Global new car sales: ~60 million units/year.; [Market] EV share: <0.02% of global new car sales.; [Technology] Li-ion cell cost: ~1,000 USD/kWh.; [Finance] Initial funding: ~USD 7.5M Series A (private).",4,"You are a senior technology strategy analyst. Given the fixed problem and a subset of context blocks (which may be empty), select the single most appropriate execution option and justify it clearly.

Problem (ALWAYS INCLUDED):
Problem: A new company must select an initial market entry strategy to prove its concept and secure future funding, despite lacking a proven supply chain, manufacturing assets, and brand recognition. The core challenge is to create a compelling and differentiated narrative while managing a high capital risk.

Additional context (subset may be empty):
- [Market] Global new car sales: ~60 million units/year. Global new car sales were roughly ~60 million units per year.
- [Market] EV share: <0.02% of global new car sales. Battery electric vehicles accounted for less than ~0.02% of global new car sales.
- [Technology] Li-ion cell cost: ~1,000 USD/kWh. Lithium-ion cell costs were around ~1,000 USD per kWh.
- [Finance] Initial funding: ~USD 7.5M Series A (private). Initial external funding amounted to approximately USD 7.5 million in a Series A round, indicating limited capital.

Candidate execution options (choose EXACTLY ONE):
  A) Build a portfolio of hybrid/fuel cell vehicles
  B) Develop a high-performance EV sports car
  C) Co-develop an EV platform with a major automaker

Standard strategy mappings:
  A → Fast Follower
  B → Technology Leadership
  C → Open Innovation

Return STRICT JSON with keys exactly: {""chosen_option"": ""A|B|C|D"", ""standard_mapping"": ""..."", ""rationale"": ""<3-4 concise sentences>"", ""key_signals_used"": [""<copy of tags you relied on, MUST be from the provided context blocks>""]}
If no context was used, return an empty array `[]` for `key_signals_used`.Do not include any extra keys or prose outside JSON.","{""chosen_option"": ""B"", ""standard_mapping"": ""Technology Leadership"", ""rationale"": ""Developing a high-performance EV sports car allows the company to leverage cutting-edge technology, creating a differentiated product that can attract early adopters and investors despite limited resources."", ""key_signals_used"": [""[Market] EV share"", ""[Technology] Li-ion cell cost""]}",,B,Technology Leadership,"""Developing a high-performance EV sports car allows the company to leverage cutting-edge technology, creating a differentiated product that can attract early adopters and investors despite limited resources.""",[Market] EV share; [Technology] Li-ion cell cost
1_founder_period,generic,13,Qwen/Qwen2.5-14B-Instruct,0.0,200,"[Market] Global new car sales: ~60 million units/year.; [Market] EV share: <0.02% of global new car sales.; [Technology] Li-ion cell cost: ~1,000 USD/kWh.; [Finance] Initial funding: ~USD 7.5M Series A (private).",4,"You are a senior technology strategy analyst. Given the fixed problem and a subset of context blocks (which may be empty), select the single most appropriate execution option and justify it clearly.

Problem (ALWAYS INCLUDED):
Problem: A new company must select an initial market entry strategy to prove its concept and secure future funding, despite lacking a proven supply chain, manufacturing assets, and brand recognition. The core challenge is to create a compelling and differentiated narrative while managing a high capital risk.

Additional context (subset may be empty):
- [Market] Global new car sales: ~60 million units/year. Global new car sales were roughly ~60 million units per year.
- [Market] EV share: <0.02% of global new car sales. Battery electric vehicles accounted for less than ~0.02% of global new car sales.
- [Technology] Li-ion cell cost: ~1,000 USD/kWh. Lithium-ion cell costs were around ~1,000 USD per kWh.
- [Finance] Initial funding: ~USD 7.5M Series A (private). Initial external funding amounted to approximately USD 7.5 million in a Series A round, indicating limited capital.

Candidate execution options (choose EXACTLY ONE):
  A) Build a portfolio of hybrid/fuel cell vehicles
  B) Develop a high-performance EV sports car
  C) Co-develop an EV platform with a major automaker

Standard strategy mappings:
  A → Fast Follower
  B → Technology Leadership
  C → Open Innovation

Return STRICT JSON with keys exactly: {""chosen_option"": ""A|B|C|D"", ""standard_mapping"": ""..."", ""rationale"": ""<3-4 concise sentences>"", ""key_signals_used"": [""<copy of tags you relied on, MUST be from the provided context blocks>""]}
If no context was used, return an empty array `[]` for `key_signals_used`.Do not include any extra keys or prose outside JSON.","{""chosen_option"": ""B"", ""standard_mapping"": ""Technology Leadership"", ""rationale"": ""Developing a high-performance EV sports car allows the company to leverage cutting-edge technology, creating a differentiated product that can attract early adopters and investors despite limited resources."", ""key_signals_used"": [""[Market] EV share"", ""[Technology] Li-ion cell cost""]}",,B,Technology Leadership,"""Developing a high-performance EV sports car allows the company to leverage cutting-edge technology, creating a differentiated product that can attract early adopters and investors despite limited resources.""",[Market] EV share; [Technology] Li-ion cell cost
1_founder_period,generic,14,Qwen/Qwen2.5-14B-Instruct,0.0,200,"[Market] Global new car sales: ~60 million units/year.; [Market] EV share: <0.02% of global new car sales.; [Technology] Li-ion cell cost: ~1,000 USD/kWh.; [Finance] Initial funding: ~USD 7.5M Series A (private).",4,"You are a senior technology strategy analyst. Given the fixed problem and a subset of context blocks (which may be empty), select the single most appropriate execution option and justify it clearly.

Problem (ALWAYS INCLUDED):
Problem: A new company must select an initial market entry strategy to prove its concept and secure future funding, despite lacking a proven supply chain, manufacturing assets, and brand recognition. The core challenge is to create a compelling and differentiated narrative while managing a high capital risk.

Additional context (subset may be empty):
- [Market] Global new car sales: ~60 million units/year. Global new car sales were roughly ~60 million units per year.
- [Market] EV share: <0.02% of global new car sales. Battery electric vehicles accounted for less than ~0.02% of global new car sales.
- [Technology] Li-ion cell cost: ~1,000 USD/kWh. Lithium-ion cell costs were around ~1,000 USD per kWh.
- [Finance] Initial funding: ~USD 7.5M Series A (private). Initial external funding amounted to approximately USD 7.5 million in a Series A round, indicating limited capital.

Candidate execution options (choose EXACTLY ONE):
  A) Build a portfolio of hybrid/fuel cell vehicles
  B) Develop a high-performance EV sports car
  C) Co-develop an EV platform with a major automaker

Standard strategy mappings:
  A → Fast Follower
  B → Technology Leadership
  C → Open Innovation

Return STRICT JSON with keys exactly: {""chosen_option"": ""A|B|C|D"", ""standard_mapping"": ""..."", ""rationale"": ""<3-4 concise sentences>"", ""key_signals_used"": [""<copy of tags you relied on, MUST be from the provided context blocks>""]}
If no context was used, return an empty array `[]` for `key_signals_used`.Do not include any extra keys or prose outside JSON.","{""chosen_option"": ""B"", ""standard_mapping"": ""Technology Leadership"", ""rationale"": ""Developing a high-performance EV sports car allows the company to leverage cutting-edge technology, creating a differentiated product that can attract early adopters and investors despite limited resources."", ""key_signals_used"": [""[Market] EV share"", ""[Technology] Li-ion cell cost""]}",,B,Technology Leadership,"""Developing a high-performance EV sports car allows the company to leverage cutting-edge technology, creating a differentiated product that can attract early adopters and investors despite limited resources.""",[Market] EV share; [Technology] Li-ion cell cost
1_founder_period,generic,15,Qwen/Qwen2.5-14B-Instruct,0.0,200,"[Market] Global new car sales: ~60 million units/year.; [Market] EV share: <0.02% of global new car sales.; [Technology] Li-ion cell cost: ~1,000 USD/kWh.; [Finance] Initial funding: ~USD 7.5M Series A (private).",4,"You are a senior technology strategy analyst. Given the fixed problem and a subset of context blocks (which may be empty), select the single most appropriate execution option and justify it clearly.

Problem (ALWAYS INCLUDED):
Problem: A new company must select an initial market entry strategy to prove its concept and secure future funding, despite lacking a proven supply chain, manufacturing assets, and brand recognition. The core challenge is to create a compelling and differentiated narrative while managing a high capital risk.

Additional context (subset may be empty):
- [Market] Global new car sales: ~60 million units/year. Global new car sales were roughly ~60 million units per year.
- [Market] EV share: <0.02% of global new car sales. Battery electric vehicles accounted for less than ~0.02% of global new car sales.
- [Technology] Li-ion cell cost: ~1,000 USD/kWh. Lithium-ion cell costs were around ~1,000 USD per kWh.
- [Finance] Initial funding: ~USD 7.5M Series A (private). Initial external funding amounted to approximately USD 7.5 million in a Series A round, indicating limited capital.

Candidate execution options (choose EXACTLY ONE):
  A) Build a portfolio of hybrid/fuel cell vehicles
  B) Develop a high-performance EV sports car
  C) Co-develop an EV platform with a major automaker

Standard strategy mappings:
  A → Fast Follower
  B → Technology Leadership
  C → Open Innovation

Return STRICT JSON with keys exactly: {""chosen_option"": ""A|B|C|D"", ""standard_mapping"": ""..."", ""rationale"": ""<3-4 concise sentences>"", ""key_signals_used"": [""<copy of tags you relied on, MUST be from the provided context blocks>""]}
If no context was used, return an empty array `[]` for `key_signals_used`.Do not include any extra keys or prose outside JSON.","{""chosen_option"": ""B"", ""standard_mapping"": ""Technology Leadership"", ""rationale"": ""Developing a high-performance EV sports car allows the company to leverage cutting-edge technology, creating a differentiated product that can attract early adopters and investors despite limited resources."", ""key_signals_used"": [""[Market] EV share"", ""[Technology] Li-ion cell cost""]}",,B,Technology Leadership,"""Developing a high-performance EV sports car allows the company to leverage cutting-edge technology, creating a differentiated product that can attract early adopters and investors despite limited resources.""",[Market] EV share; [Technology] Li-ion cell cost
